version https://git-lfs.github.com/spec/v1
oid sha256:704e61b8f264bcebde56089fb298006cde70c8b7142147d96580de5354a738d0
size 11692
