version https://git-lfs.github.com/spec/v1
oid sha256:511086b1bb757657123c83d3e17dc8622e4af51d5a12114ef2bbbd25cf8d2499
size 58649
