version https://git-lfs.github.com/spec/v1
oid sha256:2f9fc6d791efdc970ee06e05a5a8c77fdf832c307ac76c070c47663f2b826ff1
size 11651
