version https://git-lfs.github.com/spec/v1
oid sha256:10d38e28808f8ed54f11648dc9121a9a8ad8ef04017a41465e5e7c848467d87c
size 11642
