0.0	50.2	82.4	32.8	33.2	35.4	
50.2	0.0	72.6	72.5	17.1	80.2	
82.4	72.6	0.0	71.7	70.9	82.5	
32.8	72.5	71.7	0.0	56.6	11.0	
33.2	17.1	70.9	56.6	0.0	63.7	
35.4	80.2	82.5	11.0	63.7	0.0	
