version https://git-lfs.github.com/spec/v1
oid sha256:c5078e84362ac822d661c0d4343a598f95853e5ac8cb0447c6cc11bf38b69089
size 2377
